72 101 108 108 111 32 83 116 117 100 101 110 116 44 10 10 32 32 32 32 67 111 110 103 114 97 
116 117 108 97 116 105 111 110 115 33 10 32 32 32 32 73 102 32 121 111 117 32 99 97 110 32 
114 101 97 100 32 116 104 105 115 44 32 119 105 116 104 32 110 111 32 112 114 111 98 108 101 
109 44 32 121 111 117 32 104 97 118 101 32 115 117 99 99 101 115 115 102 117 108 108 121 32 
99 111 109 112 108 101 116 101 100 10 32 32 32 32 116 104 101 32 100 101 99 111 100 105 110 
103 32 112 114 111 98 108 101 109 32 105 110 32 116 104 101 32 83 117 109 109 101 114 32 83 
101 115 115 105 111 110 32 111 102 32 67 83 67 73 45 67 32 50 48 48 58 32 73 110 116 114 111 
32 116 111 32 67 111 109 112 117 116 101 114 115 32 38 32 80 114 111 103 114 97 109 109 105 
110 103 46 10 10 32 32 32 32 74 117 115 116 32 97 32 114 101 109 105 110 100 101 114 44 32 
116 104 105 115 32 97 115 115 105 103 110 109 101 110 116 32 105 115 32 100 117 101 32 111 
110 32 70 114 105 100 97 121 44 32 77 97 121 32 50 57 116 104 44 32 50 48 50 48 46 10 32 32 
32 32 68 111 110 39 116 32 102 111 114 103 101 116 32 116 111 32 99 111 109 109 105 116 32 97 
110 100 32 112 117 115 104 46 10 10 83 105 110 99 101 114 101 108 121 44 10 
67 97 109 105 115 97